X**0*  伪3
X*0**  
X*0**X 0

X*0*** 伪四
X*0***
X*0***X

*0***伪四
**0**

**0* 伪四

***0****X
X*0****X
X**0***
X***0**
X****0*
X****0****

后五:
+return
两头堵: j最后
tlen>=4  伪四
< 0
一头堵
没堵的==4 活四 j最后
tlen>=4 伪四 j中 后==3 block
伪tlen j中
没堵
前==4 活四 j中
后四  活四 j末
伪tlen+1

[-1,-1,-1,-1,-1,-1,-1,-1,-1,-1,-1,-1,-1,-1,-1],
[-1,-1,-1,-1,0,0,0,-1,-1,-1,-1,-1,-1,-1,-1],
[-1,-1,0,-1,1,-1,-1,1,-1,-1,-1,-1,-1,-1,-1],
[-1,-1,-1,1,1,1,0,-1,0,-1,-1,-1,-1,-1,-1],
[-1,-1,1,0,1,-1,-1,1,-1,0,1,-1,-1,-1,-1],
[-1,1,-1,-1,-1,1,1,0,1,1,0,-1,-1,-1,-1],
[0,-1,0,1,0,0,1,-1,0,1,0,1,-1,-1,-1],
[-1,-1,-1,-1,1,1,0,0,0,1,0,-1,-1,-1,-1],
[-1,-1,-1,-1,1,0,-1,1,0,0,0,0,1,-1,-1],
[-1,-1,-1,-1,0,1,0,0,0,1,1,-1,-1,-1,-1],
[-1,-1,-1,1,0,-1,-1,0,1,-1,-1,-1,-1,-1,-1],
[-1,-1,-1,-1,-1,-1,1,-1,-1,-1,-1,-1,-1,-1,-1],
[-1,-1,-1,-1,-1,-1,-1,-1,-1,-1,-1,-1,-1,-1,-1],
[-1,-1,-1,-1,-1,-1,-1,-1,-1,-1,-1,-1,-1,-1,-1],
[-1,-1,-1,-1,-1,-1,-1,-1,-1,-1,-1,-1,-1,-1,-1]

mainz ematch共享
杀传